1.0352203900860526
-0.6409766051888607
0.5493719729746117
-0.38380211914712503
0.5559569677839539
0.2532817760985754
0.28562492236548004
-0.69956495787752
-1.0633371769035316
0.4921653781064652
-0.4523766586322355
-1.7329129201326876
0.09599463211198872
0.6301412162328653
-0.2578749062986486
0.6464191624180325
0.29518830945953
0.9244150028031488
-0.10544454544126093
-0.2908051729908149
-1.3316671904293393
0.26473346046853524
-0.4892065740934954
-2.6979987536010617
-0.187405262420131
-1.0150401012235162
0.38855962812974315
-1.1835203863138803
