0.2816817242941983
1.0184644135167331
0.19845646997371047
1.8428542800102097
0.8823471571290536
-0.8134064108114859
-0.5424499411472499
0.8401716539389769
1.107224942580889
0.7127866303203645
-0.424277110018294
-0.42221135134855287
0.20651686078135065
-1.0851481445241962
0.5927707894785416
0.5042026843482487
1.3610564314590627
-0.3035453694684021
-0.16744778762859877
-1.2049682626300122
1.4606668585343536
0.5128574159717457
-0.8488340597473853
1.7712333151203254
-0.5142908987469232
0.7310621862095131
0.5627170788161276
-0.3727566858940579
